迷宫1.png
32/20
1 1 1 1 0 0 1 1 1 1 1 1 1 1 1 0 0 0 0 0 0 0 1 1 1 1 1 0 0 1 1 0
1 1 1 1 0 0 1 1 1 1 1 1 1 1 1 0 0 0 0 0 0 0 1 1 1 1 1 0 0 1 1 0 
1 1 1 1 0 0 1 1 1 1 1 1 1 1 1 0 0 0 0 0 0 0 1 1 1 1 1 0 0 1 1 0 
1 1 1 1 0 0 1 1 1 1 1 1 1 1 1 0 0 1 1 0 0 0 1 1 1 1 1 0 0 1 1 0 
1 1 1 1 0 0 1 1 1 1 1 1 1 1 1 0 0 1 1 0 0 0 1 1 1 1 1 0 0 1 1 0 
1 1 1 1 0 0 0 0 0 0 0 0 0 0 1 0 0 1 1 0 0 0 1 1 1 1 1 0 0 1 1 0 
1 1 1 1 0 0 0 0 0 0 0 0 0 0 1 0 0 1 1 0 0 0 1 1 1 1 1 0 0 1 1 0 
1 1 0 0 0 1 1 1 1 1 1 1 1 0 1 0 0 1 1 0 0 0 0 0 0 0 0 0 0 0 0 0 
1 1 0 0 0 1 0 0 0 0 0 1 1 0 1 0 0 1 1 0 0 0 0 0 0 0 0 0 0 0 0 0 
1 1 0 0 0 1 0 1 1 1 0 1 1 0 1 1 1 1 1 0 0 0 1 1 1 1 0 1 1 1 1 1 
1 1 0 0 0 1 0 1 0 1 0 1 1 0 0 0 1 1 1 0 0 0 1 1 1 1 0 1 1 1 1 1 
1 1 0 0 0 1 0 1 0 1 0 0 1 0 0 0 1 1 1 0 0 0 1 1 1 1 0 1 1 1 1 1 
1 1 0 0 0 1 0 1 0 1 0 0 1 0 1 0 1 1 1 0 0 0 1 1 1 1 0 1 1 1 1 1 
1 1 0 0 0 1 0 1 0 1 1 0 1 0 1 0 1 1 1 0 0 0 1 0 0 0 0 1 1 1 1 1 
1 1 0 0 0 1 0 0 0 1 1 0 1 0 1 0 0 0 1 0 0 0 1 0 0 0 0 1 1 1 1 1 
1 1 0 0 0 1 1 1 1 1 1 0 1 0 1 0 1 0 0 0 0 0 1 0 0 0 0 1 1 1 1 1 
1 1 0 0 0 0 0 0 0 0 0 0 1 0 1 0 1 0 0 1 1 1 1 0 0 0 0 1 1 1 1 1 
1 0 0 0 0 0 0 0 0 0 0 0 1 0 0 0 1 0 0 0 0 0 0 0 1 1 0 1 1 1 1 1 
1 0 0 0 0 1 1 1 1 1 1 1 1 1 1 1 1 0 0 0 0 0 0 0 1 1 0 1 1 1 1 1 
0 0 0 0 0 1 1 1 1 1 1 1 1 1 1 1 1 1 1 1 1 1 1 1 1 1 0 1 1 1 1 1
Fight
0
image\背景图\伏魔山树林.png zhang yu lu 怪物1/5 怪物2/6 怪物2/7
image\背景图\黑色背景.png zhang yu null 怪物1/5 怪物2/6 怪物2/7
#
Exit
1
31 0
9/36
大地图.txt
TreasureBox
15/5 灵芝草
4/17 金疮药
#
Music
大迷宫4.mp3